0 delta=(0.00000, 0.00000, 0.00000) total=(0.00000, 0.00000, 0.00000)
10 delta=(0.00524, 0.00000, 0.00672) total=(0.08592, 0.00000, 0.04070)
20 delta=(-0.01881, 0.00000, 0.03375) total=(0.06739, 0.00000, 0.19551)
30 delta=(0.02307, 0.00000, 0.12205) total=(-0.01294, 0.00000, 1.25019)
40 delta=(0.00284, 0.00000, 0.00357) total=(-0.00748, 0.00000, 1.66457)
50 delta=(-0.00052, 0.00000, 0.00412) total=(-0.00100, 0.00000, 1.71095)
60 delta=(-0.00150, 0.00000, 0.00592) total=(-0.01286, 0.00000, 1.75645)
70 delta=(0.01769, 0.00000, 0.01058) total=(0.08103, 0.00000, 1.84280)
80 delta=(0.00011, 0.00000, 0.01066) total=(0.14290, 0.00000, 1.96908)
90 delta=(-0.00941, 0.00000, 0.00437) total=(0.08486, 0.00000, 2.04900)
100 delta=(-0.00390, 0.00000, 0.00250) total=(0.01139, 0.00000, 2.08189)
110 delta=(-0.00003, 0.00000, -0.00493) total=(0.00507, 0.00000, 2.06416)
120 delta=(-0.00020, 0.00000, -0.00109) total=(-0.00001, 0.00000, 2.02169)
calls=121 maxStep=0,1341529 clipLength=2,4
