humanScale=0,9387699 leftFeetBottomHeight=0,1700002
rest soles=0,02800
Idle IK=False soles min=0,05756 max=0,05958 samples=0,0583,0,0582,0,0581,0,0580,0,0580,0,0580,0,0578,0,0576,0,0576,0,0577,0,0576,0,0577,0,0580,0,0589,0,0596,0,0587,0,0582,0,0586,0,0587,0,0584,0,0580,0,0579,0,0580,0,0581
Idle IK=True soles min=0,07191 max=0,07318 samples=0,0727,0,0728,0,0728,0,0728,0,0724,0,0723,0,0725,0,0722,0,0723,0,0725,0,0723,0,0724,0,0728,0,0729,0,0732,0,0731,0,0730,0,0724,0,0719,0,0727,0,0726,0,0725,0,0726,0,0727
Walk IK=False soles min=-0,12923 max=0,06806 samples=0,0319,0,0673,0,0070,-0,0595,-0,0876,-0,1286,-0,1040,-0,1048,-0,1034,-0,0511,0,0321,0,0383,0,0329,0,0681,0,0056,-0,0614,-0,0846,-0,1292,-0,1050,-0,1052,-0,0995,-0,0457,0,0368,0,0351
Walk IK=True soles min=-0,10018 max=0,04808 samples=0,0287,0,0481,0,0019,-0,0416,-0,0590,-0,1002,-0,0926,-0,0947,-0,0910,-0,0343,0,0282,0,0265,0,0280,0,0469,0,0020,-0,0418,-0,0573,-0,0993,-0,0924,-0,0952,-0,0876,-0,0303,0,0264,0,0260
Run IK=False soles min=-0,09493 max=0,09015 samples=0,0458,0,0901,0,0288,-0,0259,-0,0707,-0,0814,-0,0949,-0,0911,-0,0259,0,0274,0,0499,0,0456,0,0484,0,0548,0,0890,-0,0106,-0,0465,-0,0715,-0,0477,-0,0810,-0,0625,0,0400,0,0429,0,0450
Run IK=True soles min=-0,09493 max=0,06964 samples=0,0330,0,0696,0,0097,-0,0297,-0,0545,-0,0712,-0,0949,-0,0813,-0,0092,0,0488,0,0344,0,0302,0,0244,0,0278,0,0653,-0,0364,-0,0571,-0,0604,-0,0374,-0,0718,-0,0498,0,0432,0,0387,0,0341
Jump IK=False soles min=-0,09667 max=0,31629 samples=0,0478,0,0244,-0,0396,-0,0967,0,0477,0,2562,0,3120,0,3163,0,3040,0,2799,0,2460,0,2065,0,1620,0,1159,0,0717,0,0321,-0,0004,-0,0263,-0,0461,-0,0605,-0,0703,-0,0764,-0,0797,-0,0814
Jump IK=True soles min=-0,11957 max=0,32963 samples=0,0742,0,0349,-0,0436,-0,1196,0,0311,0,2576,0,3205,0,3296,0,3164,0,2888,0,2528,0,2106,0,1630,0,1137,0,0661,0,0233,-0,0119,-0,0398,-0,0612,-0,0766,-0,0871,-0,0936,-0,0971,-0,0988
Fall IK=False soles min=-0,08849 max=-0,04975 samples=-0,0819,-0,0854,-0,0875,-0,0885,-0,0884,-0,0870,-0,0842,-0,0802,-0,0757,-0,0710,-0,0662,-0,0613,-0,0567,-0,0529,-0,0504,-0,0497,-0,0504,-0,0523,-0,0553,-0,0590,-0,0633,-0,0679,-0,0727,-0,0775
Fall IK=True soles min=-0,10484 max=-0,06267 samples=-0,0994,-0,1026,-0,1043,-0,1048,-0,1042,-0,1025,-0,0992,-0,0945,-0,0894,-0,0842,-0,0790,-0,0738,-0,0690,-0,0652,-0,0630,-0,0627,-0,0639,-0,0665,-0,0702,-0,0747,-0,0797,-0,0848,-0,0901,-0,0950
Land IK=False soles min=-0,02863 max=0,06829 samples=-0,0286,0,0150,0,0398,0,0321,0,0340,0,0391,0,0454,0,0519,0,0577,0,0624,0,0657,0,0676,0,0683,0,0677,0,0665,0,0649,0,0636,0,0626,0,0617,0,0605,0,0594,0,0587,0,0584,0,0582
Land IK=True soles min=-0,03874 max=0,07317 samples=-0,0387,0,0202,0,0725,0,0715,0,0721,0,0722,0,0726,0,0727,0,0732,0,0728,0,0717,0,0709,0,0708,0,0713,0,0712,0,0707,0,0705,0,0707,0,0716,0,0721,0,0725,0,0729,0,0729,0,0728
controller settled root=0,03999996 bottom=0,03999996 grounded=True
